40
0	14	13	12	11	10	9	8	18	19	20	21	15	16	2	3	
0	14	13	12	20	21	15	1	2	16	17	18	19	9	8	7	
0	14	13	12	11	10	9	8	18	19	20	21	15	16	17	5	6	7	
0	14	13	12	11	10	9	8	18	19	20	21	15	16	4	5	6	7	
0	14	13	12	11	10	9	8	18	19	20	21	15	1	2	16	4	5	17	
3	2	1	0	14	15	16	4	5	6	7	
3	2	16	17	18	19	20	21	15	1	0	
3	2	1	0	14	13	12	11	10	9	8	18	19	20	21	15	16	4	5	6	7	
3	2	1	0	14	13	12	11	10	9	8	18	6	7	
3	4	5	6	18	19	20	21	15	14	13	12	11	
3	4	16	17	18	6	5	
3	2	16	15	14	13	12	11	10	9	8	18	17	5	6	7	
3	2	1	0	14	13	21	15	16	4	5	6	18	9	8	7	
3	2	1	0	14	13	12	20	21	15	16	17	18	19	9	8	7	
7	8	9	10	11	12	13	21	20	19	18	17	16	15	1	0	
7	8	9	10	11	12	13	21	15	1	2	16	4	3	
7	8	9	10	11	12	13	21	15	14	0	
7	8	9	10	11	12	13	21	15	1	2	16	17	5	4	3	
7	6	18	17	5	4	3	
7	8	9	10	11	12	13	21	15	14	0	
7	8	9	10	11	12	13	21	15	14	0	
7	8	9	10	11	12	13	21	15	16	4	3	
7	8	9	10	11	12	13	21	20	19	18	17	5	4	3	
7	8	9	19	20	21	13	12	11	
7	8	9	10	20	21	15	16	2	3	
7	6	18	9	10	11	12	13	21	15	14	0	
7	6	18	19	20	21	13	14	0	
7	8	9	19	18	6	5	17	16	2	3	
7	8	9	10	11	12	13	21	20	19	18	17	16	2	3	
11	10	9	8	18	17	16	4	5	6	7	
11	10	9	8	18	6	7	
11	10	9	8	18	17	16	15	21	20	12	13	14	0	
11	10	9	8	18	17	16	4	3	
11	10	9	8	18	17	5	4	16	15	14	13	12	20	21	
11	10	9	8	18	17	5	6	7	
11	10	9	8	18	17	16	4	3	
11	10	9	8	18	17	16	2	1	15	14	0	
11	12	13	21	15	14	0	
11	10	9	8	18	19	20	12	13	14	0	1	2	16	15	21	
11	10	9	8	7	6	5	17	16	4	3	
40
0	14	13	12	11	10	9	8	18	19	20	21	15	1	2	16	4	3	
0	14	13	12	11	10	9	19	20	21	15	16	17	18	8	7	
0	14	13	12	20	19	18	6	5	17	16	2	3	
0	14	13	12	20	21	15	16	17	18	19	9	8	7	
0	1	15	14	13	12	20	21	
3	2	1	0	14	13	12	20	21	15	16	17	5	6	18	19	9	8	7	
3	4	16	15	1	0	14	13	12	20	21	
3	4	5	6	18	19	20	21	15	14	0	
3	4	5	6	18	19	20	21	13	14	0	
3	4	5	6	18	19	20	21	15	14	13	12	11	
3	2	1	0	14	13	12	11	10	9	8	18	17	16	4	5	6	7	
3	4	5	17	16	2	1	15	21	13	14	0	
3	2	1	0	14	13	12	11	10	9	8	18	19	20	21	15	16	17	5	6	7	
3	2	1	0	14	13	12	11	10	9	8	18	19	20	21	15	16	17	5	4	
7	6	18	19	20	12	13	14	15	1	0	
7	8	9	10	11	12	13	21	15	16	4	5	6	18	17	
7	8	18	17	16	4	5	6	
7	8	9	18	17	16	4	5	6	
7	8	18	17	16	2	1	15	14	0	
7	6	5	17	18	8	9	10	11	
7	6	18	8	9	10	11	12	13	21	20	19	
7	8	18	17	16	15	21	13	14	0	
7	8	9	10	11	12	13	21	15	16	17	18	19	20	
7	8	18	19	20	12	13	21	15	14	0	
7	8	9	10	20	12	13	21	15	1	0	
7	8	9	10	11	12	13	21	20	19	18	6	5	17	16	4	3	
7	8	9	10	11	12	13	21	20	19	18	17	16	2	1	15	14	0	
7	8	9	10	11	12	13	21	20	19	18	6	5	4	3	
7	8	9	10	11	12	13	21	20	19	18	6	5	17	16	2	3	
11	12	20	21	15	1	2	16	17	5	6	7	
11	12	20	19	9	8	18	17	16	2	1	15	21	13	14	0	
11	10	9	8	18	17	5	4	16	2	3	
11	10	9	8	7	6	5	4	3	
11	10	9	8	18	17	16	15	14	0	
11	10	9	8	18	17	16	15	21	13	14	0	
11	10	9	8	18	17	5	4	3	
11	10	9	8	18	17	16	4	5	6	7	
11	12	13	14	15	16	17	5	6	18	9	8	7	
11	10	9	8	18	17	5	6	7	
11	10	9	8	18	17	16	15	21	20	12	13	14	0	
40
0	14	13	12	20	21	15	16	4	5	6	7	
0	14	13	12	11	10	9	8	18	19	20	21	15	16	17	5	4	3	
0	14	13	12	11	10	9	8	18	19	20	21	15	16	2	3	
0	14	13	12	11	10	9	8	18	19	20	21	15	1	2	16	4	3	
0	14	13	12	11	10	9	8	18	19	20	21	15	1	2	16	17	5	6	7	
3	2	1	0	14	13	12	11	10	9	8	18	6	5	17	16	15	21	20	19	
3	4	16	17	18	19	20	12	11	
3	2	1	0	14	13	12	11	10	9	8	18	19	20	21	15	16	17	5	4	
3	2	1	0	14	13	12	11	10	9	18	19	20	21	15	16	17	5	6	7	
3	2	16	17	5	4	
3	2	1	0	14	13	12	11	10	9	19	20	21	15	16	17	18	6	5	4	
3	2	16	17	5	6	7	
3	2	1	0	14	13	21	15	16	4	5	6	7	
3	2	1	15	21	20	19	18	8	9	10	11	
7	8	9	10	11	12	13	21	15	14	0	
7	8	9	10	20	19	18	6	5	17	16	15	21	13	14	0	
7	8	9	10	11	12	13	21	15	14	0	
7	6	5	4	3	
7	8	9	10	11	12	13	21	20	19	18	17	16	15	1	2	3	
7	8	9	18	17	16	2	1	0	
7	8	9	10	11	12	13	21	15	1	2	16	4	3	
7	8	9	10	11	12	13	21	20	19	18	17	16	15	14	0	
7	8	9	10	11	12	13	21	20	19	18	6	5	4	16	2	1	15	14	0	
7	8	9	10	11	12	13	21	15	14	0	
7	8	9	10	11	12	13	21	15	14	0	
7	8	9	10	11	12	13	14	15	21	20	19	18	17	5	6	
7	8	9	10	11	12	13	21	15	14	0	
7	8	9	10	11	12	13	21	15	14	0	
7	8	9	19	20	12	13	21	15	16	17	18	6	5	4	3	
11	10	9	8	18	17	16	15	14	0	
11	10	9	8	18	17	16	4	3	
11	10	9	8	18	17	16	4	5	6	7	
11	10	9	8	18	17	16	4	5	6	7	
11	10	9	18	17	16	4	5	6	7	
11	10	9	8	18	19	20	21	15	14	13	12	
11	10	9	8	18	17	5	4	3	
11	10	9	8	18	17	5	6	7	
11	10	9	19	18	17	16	4	3	
11	10	9	8	18	17	16	4	5	6	7	
11	10	9	8	18	17	16	4	3	
40
0	14	13	21	15	16	17	5	6	7	
0	14	13	12	20	21	15	16	4	5	17	18	6	7	
0	14	13	12	11	10	9	8	18	19	20	21	15	1	2	16	4	3	
0	14	13	12	11	10	9	8	18	19	20	21	15	16	17	5	6	7	
0	14	13	12	11	10	9	8	18	19	20	21	15	16	2	1	
3	2	1	0	14	13	12	11	10	20	21	15	16	17	5	4	
3	2	1	0	14	13	12	11	10	9	18	19	20	21	15	16	4	5	17	
3	2	1	0	14	15	16	17	5	6	18	19	20	21	13	12	11	
3	4	5	17	16	15	21	20	12	11	
3	2	1	0	14	13	21	20	19	18	17	16	4	5	6	7	
3	2	1	0	14	13	12	11	10	9	18	19	20	21	15	16	17	5	4	
3	2	1	0	14	13	21	15	16	17	5	6	18	19	20	10	9	8	7	
3	2	1	0	14	13	12	11	10	9	8	18	19	20	21	15	16	4	5	6	7	
3	4	5	17	18	19	20	21	13	14	0	
7	6	18	19	20	10	9	8	
7	8	9	10	11	12	13	21	15	14	0	
7	8	9	10	11	12	13	21	15	16	2	1	0	
7	8	9	10	11	12	13	21	15	14	0	
7	8	9	10	11	12	13	21	15	16	2	1	0	
7	6	5	4	3	
7	8	9	10	11	12	20	19	18	17	16	15	14	0	
7	8	9	10	11	12	13	21	15	16	17	18	19	20	
7	8	9	10	11	12	13	21	20	19	18	17	5	4	3	
7	6	18	17	5	4	3	
7	8	9	10	11	12	13	21	20	19	18	17	5	6	
7	6	5	4	16	15	1	0	
7	8	9	10	11	12	13	21	15	16	4	3	
7	8	9	10	20	19	18	6	5	4	3	
7	6	5	4	16	15	14	13	12	20	10	11	
11	10	9	8	18	17	16	2	1	0	
11	10	9	8	18	17	16	2	3	
11	12	13	21	15	1	0	
11	10	9	8	18	17	16	2	1	15	21	13	14	0	
11	10	9	8	18	17	5	6	7	
11	10	9	8	18	17	5	6	7	
11	10	9	8	18	17	16	15	14	13	21	20	12	
11	10	9	8	18	17	16	2	3	
11	10	9	8	18	17	16	2	1	15	21	20	12	13	14	0	
11	12	13	14	0	1	15	16	17	18	8	7	
11	12	20	10	9	8	18	17	5	6	7	
40
0	14	13	12	20	21	15	1	2	16	4	5	17	18	6	7	
0	14	13	12	11	10	9	8	18	19	20	21	15	16	17	5	4	3	
0	1	15	16	2	3	4	5	6	18	19	20	21	13	12	11	
0	14	13	12	20	21	15	1	2	3	
0	14	13	12	11	10	9	8	18	19	20	21	15	16	2	1	
3	4	5	6	18	19	20	21	15	14	13	12	11	
3	2	1	0	14	13	21	15	16	17	18	19	20	12	11	
3	2	1	0	14	13	12	11	10	9	8	18	19	20	21	15	16	17	5	6	7	
3	2	1	0	14	13	12	11	10	9	8	18	19	20	21	15	16	4	5	17	
3	2	16	4	5	6	18	19	20	21	15	14	13	12	11	
3	2	1	0	14	15	16	17	18	19	9	8	7	
3	2	1	0	14	13	21	20	19	18	17	5	6	7	
3	2	1	0	14	13	12	20	21	15	16	17	18	6	7	
3	2	1	0	14	13	12	11	10	20	21	15	16	17	18	19	9	8	7	
7	8	9	10	11	12	13	21	15	1	0	
7	8	9	10	20	19	18	17	16	15	21	13	14	0	
7	8	9	10	11	12	13	21	15	14	0	
7	8	9	10	11	12	13	14	15	21	20	19	18	17	5	4	16	2	1	0	
7	8	18	17	16	4	3	
7	8	9	10	11	12	13	21	15	1	2	16	17	18	19	20	
7	8	9	10	11	12	13	21	15	1	0	
7	8	9	18	6	5	4	16	15	14	0	
7	8	9	10	11	12	13	21	15	14	0	
7	8	9	10	11	12	13	21	15	16	17	5	4	3	
7	8	9	10	11	12	13	21	15	1	0	
7	6	18	19	20	21	15	14	13	12	11	
7	8	9	10	11	12	13	21	15	14	0	
7	8	9	10	11	12	13	21	15	1	0	
7	8	9	18	19	20	21	15	16	17	5	4	3	
11	10	9	8	18	17	16	2	1	0	
11	10	20	19	18	17	5	6	7	
11	10	9	8	18	17	16	4	3	
11	10	9	8	18	17	5	4	16	15	14	13	21	20	19	
11	10	9	8	18	17	16	15	21	20	19	
11	10	20	21	15	16	2	1	0	
11	12	13	21	20	19	18	17	16	4	3	
11	10	9	8	18	17	16	4	3	
11	10	20	21	15	16	17	5	4	3	
11	10	9	8	18	17	16	4	5	6	7	
11	10	9	8	18	17	16	15	21	20	19	
40
0	14	13	12	11	10	9	8	18	19	20	21	15	16	2	3	
0	14	13	12	11	10	9	8	18	19	20	21	15	1	2	16	17	5	6	7	
0	14	13	12	11	10	9	19	20	21	15	16	17	5	4	3	
0	14	13	12	11	10	9	19	20	21	15	16	2	3	
0	14	13	12	11	10	9	8	18	19	20	21	15	16	17	5	6	7	
3	4	16	15	14	13	12	11	10	9	8	18	19	20	21	
3	2	1	0	14	13	12	11	10	9	8	18	19	20	21	15	16	17	5	6	7	
3	4	16	2	1	0	14	15	21	13	12	11	
3	2	1	0	14	13	12	11	10	9	8	18	17	16	15	21	20	19	
3	2	16	4	5	17	18	19	20	10	9	8	7	
3	2	1	0	14	13	12	11	10	9	18	17	16	15	21	20	19	
3	2	1	0	14	13	12	20	21	15	16	4	5	6	7	
3	2	1	0	14	15	16	17	18	8	9	19	20	21	13	12	11	
3	2	1	0	14	13	12	11	10	9	8	18	17	16	4	5	6	7	
7	6	18	9	10	11	12	13	21	20	19	
7	8	9	10	11	12	13	21	20	19	18	17	16	2	1	0	
7	8	9	10	11	12	13	14	15	21	20	19	18	17	16	4	5	6	
7	8	9	10	11	12	13	21	20	19	18	17	5	6	
7	8	9	19	18	6	5	4	3	
7	8	9	10	20	19	18	6	5	4	3	
7	8	9	10	11	12	13	21	20	19	18	17	16	4	5	6	
7	8	9	10	11	12	13	21	20	19	18	17	16	15	14	0	
7	8	9	10	11	12	13	21	20	19	18	17	5	4	3	
7	6	5	17	16	2	1	15	21	20	19	18	8	9	10	11	
7	6	5	4	16	17	18	9	10	11	
7	8	9	10	11	12	13	21	20	19	18	6	5	17	16	2	1	0	
7	8	9	10	11	12	13	21	15	14	0	
7	8	9	10	11	12	13	21	15	14	0	
7	8	9	10	20	19	18	17	16	2	1	15	14	0	
11	10	9	8	18	17	16	2	3	
11	10	9	8	18	17	5	6	7	
11	10	9	8	18	17	16	2	1	15	21	20	19	
11	10	9	8	18	17	16	15	1	0	
11	10	9	8	18	17	16	2	3	
11	10	9	8	18	17	16	15	21	13	12	20	19	
11	10	9	8	18	17	16	2	1	0	
11	10	9	8	18	17	16	15	1	0	
11	10	9	8	18	17	5	4	3	
11	10	9	8	18	17	16	15	14	13	12	20	19	
11	10	9	8	18	17	16	15	21	13	12	20	19	
40
0	14	13	12	11	10	9	8	18	19	20	21	15	16	17	5	6	7	
0	14	13	12	11	10	9	8	18	19	20	21	15	1	2	3	
0	1	2	16	17	5	6	18	19	20	21	15	14	13	12	11	
0	1	15	16	17	18	8	7	
0	14	13	12	11	10	9	8	18	19	20	21	15	16	17	5	6	7	
3	2	1	0	14	13	12	11	10	9	8	18	17	16	4	5	6	7	
3	2	16	4	5	6	18	9	8	7	
3	2	1	0	14	13	12	11	10	9	8	18	19	20	21	15	16	4	5	6	7	
3	2	1	15	21	13	12	11	
3	2	1	0	14	13	21	15	16	4	5	6	7	
3	2	1	0	14	13	12	11	10	9	8	18	19	20	21	15	16	4	5	17	
3	2	1	0	14	13	12	11	10	9	8	18	19	20	21	15	16	17	5	6	7	
3	2	1	0	14	13	12	20	21	15	16	17	18	19	9	8	7	
3	2	1	0	14	13	21	15	16	4	5	6	18	19	20	12	11	
7	8	9	10	11	12	13	21	20	19	18	17	5	4	16	15	1	0	
7	8	9	10	11	12	13	21	15	16	4	3	
7	8	9	10	11	12	13	21	15	1	0	
7	8	9	10	20	12	13	21	15	14	0	
7	8	9	19	20	12	13	21	15	1	0	
7	8	9	10	11	12	20	21	15	16	2	3	
7	8	9	10	11	12	13	21	15	1	2	16	4	3	
7	8	9	10	20	12	13	21	15	14	0	
7	8	9	10	20	19	18	17	16	15	21	13	12	11	
7	8	9	19	18	17	16	15	21	13	12	20	10	11	
7	8	9	10	11	12	13	21	15	14	0	
7	8	9	18	6	5	17	16	2	3	
7	8	18	19	20	12	13	21	15	16	17	5	4	3	
7	8	9	10	11	12	13	21	20	19	18	6	5	4	16	15	1	0	
7	8	9	10	11	12	13	21	20	19	18	17	5	6	
11	10	9	8	18	17	5	4	16	15	1	2	3	
11	10	9	8	18	17	16	2	3	
11	10	9	8	18	17	5	6	7	
11	10	9	8	18	17	5	6	7	
11	10	9	8	18	17	5	6	7	
11	10	9	8	18	17	16	2	1	0	
11	10	9	8	18	17	5	6	7	
11	10	20	12	13	14	0	1	15	16	2	3	4	5	6	7	
11	10	9	8	18	17	5	6	7	
11	10	9	8	18	6	5	4	3	
11	10	9	8	18	17	5	6	7	
40
0	14	13	12	11	10	9	18	19	20	21	15	1	2	16	4	3	
0	14	13	21	15	1	2	3	
0	14	13	12	11	10	9	8	18	19	20	21	15	1	2	16	17	5	4	3	
0	14	13	12	20	21	15	1	2	3	
0	1	2	3	4	5	6	7	
3	2	1	0	14	13	12	11	10	9	8	18	19	20	21	15	16	4	5	6	7	
3	2	1	0	14	13	12	20	21	15	16	17	18	19	9	8	7	
3	2	1	0	14	13	12	11	10	9	8	18	19	20	21	15	16	17	5	6	7	
3	2	1	0	14	13	12	11	10	9	8	18	19	20	21	15	16	4	5	17	
3	2	1	0	14	13	12	11	10	9	8	18	19	20	21	15	16	4	5	6	7	
3	2	1	0	14	13	21	20	19	18	8	9	10	11	
3	2	1	0	14	13	12	11	10	9	8	18	6	5	4	16	17	
3	2	1	0	14	15	16	4	5	6	18	19	20	21	13	12	11	
3	2	1	15	21	13	12	11	
7	8	9	10	11	12	13	21	15	1	0	
7	8	9	10	11	12	13	21	15	14	0	
7	8	9	10	20	19	18	17	16	15	14	13	21	
7	8	9	10	11	12	13	14	0	1	15	21	20	19	18	17	5	4	3	
7	8	9	10	11	12	13	21	20	19	18	17	5	6	
7	8	18	17	16	4	3	
7	8	9	10	11	12	13	21	20	19	18	17	5	6	
7	6	5	17	16	15	21	13	12	20	10	11	
7	8	9	10	11	12	13	21	15	16	17	18	19	20	
7	8	18	17	16	2	3	
7	8	9	10	11	12	13	21	15	16	2	3	
7	8	9	10	20	21	15	14	0	
7	8	9	10	11	12	13	21	20	19	18	17	16	4	3	
7	8	9	10	20	21	13	14	0	
7	8	9	10	11	12	13	21	15	14	0	
11	10	9	8	18	17	5	4	3	
11	10	9	18	17	16	4	3	
11	10	9	8	18	6	5	17	16	2	1	0	
11	10	9	8	18	17	16	2	1	0	
11	10	9	8	18	17	16	2	3	
11	10	9	8	18	17	16	15	1	0	
11	10	9	8	18	17	16	15	21	13	12	20	19	
11	10	9	8	18	17	16	4	3	
11	10	9	8	18	6	7	
11	10	9	18	6	7	8	
11	10	9	8	18	17	5	4	3	
40
0	14	13	21	20	12	11	
0	14	15	21	20	19	9	8	7	
0	14	13	12	11	10	9	19	20	21	15	16	4	3	
0	14	13	12	11	10	9	8	18	19	20	21	15	1	2	16	4	5	6	7	
0	1	15	16	4	3	2	
3	2	1	0	14	13	12	20	21	15	16	4	5	6	18	19	9	8	7	
3	2	1	0	14	13	12	11	10	9	8	7	6	18	19	20	21	15	16	4	5	17	
3	2	1	15	14	13	12	11	10	9	8	18	19	20	21	
3	2	1	0	14	13	12	11	10	9	8	7	6	5	4	16	15	21	20	19	18	17	
3	2	1	0	14	13	12	20	21	15	16	4	5	6	18	19	9	8	7	
3	2	1	0	14	15	21	20	19	18	6	7	
3	2	16	17	5	4	
3	2	1	0	14	13	12	11	10	9	8	18	19	20	21	15	16	17	5	6	7	
3	2	1	0	14	13	12	11	10	9	8	18	19	20	21	15	16	4	5	17	
7	8	9	10	11	12	13	14	0	1	2	16	15	21	20	19	18	17	5	6	
7	8	9	10	11	12	13	21	20	19	18	17	5	6	
7	8	9	10	11	12	13	21	20	19	18	17	16	4	5	6	
7	8	9	10	11	12	13	21	15	16	4	5	6	18	19	20	
7	6	5	4	16	17	18	19	20	21	15	14	13	12	11	
7	8	9	10	11	12	13	21	15	16	2	3	
7	8	9	10	11	12	13	21	20	19	18	6	5	4	3	
7	8	9	10	11	12	13	21	15	16	17	18	6	5	4	3	
7	6	18	17	5	4	3	
7	8	9	10	11	12	13	21	20	19	18	17	5	6	
7	8	9	10	11	12	13	14	15	16	17	18	19	20	21	
7	8	9	10	11	12	13	21	20	19	18	17	16	15	1	2	3	
7	8	9	10	11	12	13	21	15	14	0	
7	8	9	10	11	12	13	21	15	14	0	
7	8	9	10	11	12	13	21	20	19	18	17	16	4	3	
11	10	9	8	18	17	5	6	7	
11	10	9	8	18	6	7	
11	10	9	8	18	17	5	4	3	
11	10	9	8	18	17	16	2	3	
11	12	20	19	9	8	18	17	16	15	21	13	14	0	
11	10	9	19	20	21	15	14	0	
11	10	9	8	18	6	7	
11	10	9	8	18	19	20	12	13	14	15	21	
11	10	9	18	17	5	4	3	
11	12	13	21	15	16	4	5	6	18	17	
11	10	9	8	18	17	16	4	3	
40
0	14	13	12	11	10	9	8	7	6	5	17	16	15	21	20	19	18	
0	1	2	16	4	3	
0	14	13	12	20	19	18	9	8	7	6	5	4	16	15	21	
0	14	13	12	11	10	9	8	18	19	20	21	15	16	17	5	6	7	
0	14	15	16	4	3	2	1	
3	4	5	17	18	19	20	21	15	1	0	
3	2	1	0	14	13	21	15	16	17	18	19	20	12	11	
3	2	1	0	14	13	21	20	10	9	8	18	19	
3	2	1	15	14	0	
3	2	1	0	14	13	12	11	10	9	8	18	19	20	21	15	16	17	5	6	7	
3	2	1	0	14	13	21	20	19	18	17	16	4	5	6	7	
3	2	1	0	14	13	12	11	10	20	21	15	16	17	5	6	18	19	9	8	7	
3	2	1	0	14	13	12	20	21	15	16	4	5	17	18	19	9	8	7	
3	2	1	15	14	13	12	11	10	9	8	7	6	5	17	18	19	20	21	
7	8	9	10	11	12	13	21	15	1	2	16	4	3	
7	8	9	18	17	5	4	16	15	21	20	10	11	
7	8	9	10	20	12	13	21	15	16	17	18	19	
7	8	18	17	5	6	
7	8	9	10	11	12	13	21	15	14	0	
7	8	9	18	17	16	15	21	13	14	0	
7	8	9	10	11	12	13	21	20	19	18	6	5	4	3	
7	8	9	10	11	12	13	21	15	16	17	18	6	5	4	3	
7	8	9	10	11	12	13	14	15	1	2	16	4	3	
7	8	9	18	6	5	4	3	
7	6	5	17	16	2	1	15	21	13	14	0	
7	6	5	4	16	17	18	8	9	10	11	
7	8	9	19	18	17	16	15	14	0	
7	6	5	4	16	2	3	
7	8	9	10	11	12	13	21	15	14	0	
11	10	9	8	18	17	16	2	3	
11	10	9	19	20	12	13	14	0	1	2	16	17	5	4	3	
11	10	9	8	18	6	5	17	16	2	3	
11	10	9	19	20	21	13	14	0	
11	10	9	8	18	17	16	15	21	20	19	
11	10	20	21	13	12	
11	10	9	8	18	17	16	4	3	
11	10	9	8	7	6	18	17	16	4	5	
11	10	20	12	13	21	15	1	0	
11	10	9	8	18	17	16	4	5	6	7	
11	10	9	8	18	17	5	4	3	
