200
0	1	15	21	
0	1	15	21	
0	1	15	21	
0	1	2	16	17	
0	1	15	21	
0	1	15	21	
0	1	15	21	
0	1	15	21	
0	14	13	12	20	19	18	8	9	10	11	
0	1	15	21	
0	1	15	21	
0	1	15	14	13	12	20	21	
0	1	15	21	
0	1	15	21	
0	1	2	3	4	16	15	21	
0	14	13	12	20	19	18	17	
0	14	13	12	20	19	18	17	
0	1	15	21	
0	14	13	12	20	19	18	17	
0	1	15	21	
0	1	15	14	13	12	20	19	18	17	
0	1	15	21	
0	1	15	21	
0	1	15	21	
0	1	15	21	
0	1	15	21	
0	1	2	16	17	
0	1	15	21	
0	14	13	12	20	19	18	8	9	10	11	
0	1	15	21	
0	1	15	21	
0	1	15	21	
0	1	2	16	17	
0	1	15	21	
0	1	15	21	
0	1	2	16	15	21	
0	1	15	21	
0	1	15	21	
0	14	13	21	
0	1	15	21	
0	1	15	21	
0	1	15	21	
0	1	2	3	4	5	
0	1	2	16	17	
0	1	15	21	
0	1	15	21	
0	1	2	16	17	
0	1	15	16	17	
0	1	15	21	
0	14	13	12	20	21	
0	1	2	16	17	
0	1	15	21	
0	14	13	21	
0	1	15	21	
0	1	15	21	
0	14	15	21	
0	1	15	21	
0	1	15	21	
0	1	15	21	
0	1	15	21	
0	14	13	12	20	21	
0	1	15	21	
0	1	15	21	
0	1	15	21	
0	14	13	12	20	19	18	17	
0	1	15	21	
0	1	2	3	4	5	
0	1	2	16	17	
0	1	15	21	
0	1	15	14	13	12	20	19	9	10	11	
0	1	15	21	
0	1	15	21	
0	1	2	16	17	
0	1	15	21	
0	14	13	12	20	19	18	17	
0	1	15	21	
0	1	15	21	
0	1	15	21	
0	1	2	16	17	
0	14	13	12	20	19	18	17	
0	14	15	21	
0	1	15	21	
0	1	15	21	
0	1	15	21	
0	1	15	21	
0	1	15	21	
0	1	15	21	
0	1	15	21	
0	1	15	16	17	
0	1	15	21	
0	1	15	21	
0	14	13	21	
0	1	2	16	17	
0	1	15	21	
0	1	15	21	
0	1	15	21	
0	1	15	21	
0	1	15	21	
0	1	15	21	
0	1	15	21	
0	1	15	21	
0	1	15	14	13	12	20	19	18	17	
0	1	15	21	
0	1	15	21	
0	14	13	12	20	21	
0	1	15	21	
0	1	15	21	
0	1	15	21	
0	1	15	21	
0	1	15	21	
0	14	13	12	20	19	18	17	
0	1	15	21	
0	1	2	3	4	5	
0	1	15	21	
0	1	15	21	
0	1	15	21	
0	1	2	16	17	
0	1	15	21	
0	1	15	21	
0	14	13	12	20	19	18	17	
0	14	13	12	20	19	18	9	8	7	6	5	
0	1	15	21	
0	1	15	21	
0	1	15	21	
0	1	2	16	17	
0	14	13	12	11	10	9	8	7	6	5	
0	1	15	21	
0	1	15	21	
0	1	15	21	
0	1	15	21	
0	1	15	21	
0	1	15	21	
0	1	15	21	
0	1	2	16	17	
0	1	2	16	17	
0	1	15	21	
0	1	2	16	17	
0	1	15	21	
0	1	2	16	17	
0	1	15	21	
0	1	2	16	4	5	
0	1	15	21	
0	14	13	12	20	19	18	9	10	11	
0	1	15	21	
0	1	15	16	17	
0	1	15	21	
0	1	15	21	
0	1	15	21	
0	1	2	16	17	
0	1	15	21	
0	1	15	21	
0	1	15	21	
0	1	15	21	
0	1	2	16	17	
0	1	15	21	
0	1	15	21	
0	1	15	16	17	
0	1	15	14	13	12	20	19	18	17	
0	1	2	16	17	
0	14	13	12	20	19	18	17	
0	1	15	21	
0	14	15	21	
0	1	15	21	
0	14	13	12	20	19	18	8	9	10	11	
0	1	15	21	
0	1	15	21	
0	1	15	21	
0	1	2	16	17	
0	14	13	12	20	19	18	17	
0	1	15	21	
0	1	15	21	
0	1	2	16	17	
0	1	15	21	
0	1	15	21	
0	1	15	21	
0	1	15	21	
0	1	15	21	
0	1	15	21	
0	1	15	21	
0	1	15	21	
0	1	15	21	
0	1	15	21	
0	1	2	16	17	
0	1	2	16	4	5	
0	1	15	21	
0	1	15	21	
0	1	15	21	
0	1	15	21	
0	1	15	21	
0	1	2	16	17	
0	1	15	21	
0	1	15	16	17	
0	14	13	12	20	19	18	17	
0	1	15	21	
0	1	15	21	
0	1	15	21	
0	1	15	21	
0	1	15	14	13	12	20	21	
0	1	15	21	
0	1	15	21	
